Rows
Columns
Expected


[2,2,2,2,3,2,2,5,3,4] 
[4,5,4,4,0,0,0,4,3,3]
[
1, 0, 0, 0, 0, 0, 0, 0, 0, 1,
0, 0, 1, 0, 0, 0, 0, 1, 0, 0,
1, 0, 0, 0, 0, 0, 0, 0, 0, 1,
0, 0, 0, 1, 0, 0, 0, 1, 0, 0,
1, 1, 0, 0, 0, 0, 0, 0, 0, 1,
1, 1, 0, 0, 0, 0, 0, 0, 0, 0,
0, 0, 0, 0, 0, 0, 0, 1, 1, 0, 
0, 1, 1, 1, 0, 0, 0, 1, 1, 0,
0, 1, 1, 1, 0, 0, 0, 0, 0, 0,
0, 1, 1, 1, 0, 0, 0, 0, 1, 0
] 

[4,4,2,2,5,3,4,4,4,5]
[4,3,2,1,2,3,4,5,6,7]
[
1, 0, 1, 0, 1, 1, 0, 0, 0, 0,
0, 0, 0, 0, 1, 1, 0, 1, 0, 1,
1, 0, 1, 0, 0, 0, 0, 0, 0, 0,
0, 0, 0, 0, 0, 0, 0, 0, 1, 1,
1, 1, 0, 0, 0, 1, 0, 0, 1, 1,
1, 1, 0, 1, 0, 0, 0, 0, 0, 0,
0, 0, 0, 0, 0, 0, 1, 1, 1, 1,
0, 0, 0, 0, 0, 0, 1, 1, 1, 1,
0, 0, 0, 0, 0, 0, 1, 1, 1, 1,
0, 1, 0, 0, 0, 0, 1, 1, 1, 1
]

[3,2,3,3,3,3,3,3,3,3]
[1,1,2,2,4,4,3,4,4,4]
[
0, 0, 0, 0, 0, 1, 1, 0, 1, 0,
0, 0, 0, 0, 0, 1, 1, 0, 0, 0,
1, 0, 1, 0, 0, 0, 0, 0, 0, 1,
0, 0, 0, 0, 1, 1, 0, 1, 0, 0,
0, 0, 1, 0, 1, 1, 0, 0, 0, 0,
0, 0, 0, 0, 0, 0, 0, 1, 1, 1,
0, 0, 0, 0, 0, 0, 0, 1, 1, 1,
0, 0, 0, 0, 0, 0, 0, 1, 1, 1,
0, 1, 0, 1, 1, 0, 0, 0, 0, 0,
0, 0, 0, 1, 1, 0, 1, 0, 0, 0
]

[8,7,6,6,5,3,4,4,3,3]
[6,5,6,6,7,2,2,4,5,6]
[
1, 1, 1, 1, 1, 0, 1, 0, 1, 1,
1, 1, 1, 1, 1, 0, 0, 0, 1, 1,
1, 1, 1, 1, 1, 0, 1, 0, 0, 0,
1, 1, 1, 1, 1, 0, 0, 0, 0, 1,
1, 1, 1, 1, 1, 0, 0, 0, 0, 0,
0, 0, 0, 0, 0, 0, 0, 1, 1, 1,
0, 0, 0, 1, 0, 0, 0, 1, 1, 1,
1, 0, 0, 0, 0, 0, 0, 1, 1, 1,
0, 0, 1, 0, 1, 1, 0, 0, 0, 0,
0, 0, 0, 0, 1, 1, 0, 1, 0, 0
]

[7,6,6,0,6,5,5,0,5,4]
[5,5,5,5,4,5,5,4,3,3]
[
1, 1, 1, 0, 1, 0, 1, 1, 1, 0,
1, 1, 1, 0, 0, 0, 1, 1, 1, 0,
1, 1, 1, 0, 0, 0, 1, 1, 1, 0,
0, 0, 0, 0, 0, 0, 0, 0, 0, 0,
1, 1, 0, 1, 1, 1, 0, 0, 0, 1,
1, 1, 0, 1, 1, 1, 0, 0, 0, 0,
0, 0, 0, 1, 1, 1, 0, 1, 0, 1,
0, 0, 0, 0, 0, 0, 0, 0, 0, 0,
0, 0, 1, 1, 0, 1, 1, 0, 0, 1,
0, 0, 1, 1, 0, 1, 1, 0, 0, 0
]

[1,3,2,3,2,2,2,3,2,1]
[1,2,2,2,2,2,1,4,1,4]
[
0, 0, 0, 0, 0, 0, 0, 0, 1, 0,
0, x, 0, 1, 0, 1, 0, 0, 0, 1,
0, 1, 0, 0, 0, 0, 0, 1, 0, 0,
0, 0, 0, 1, 0, 1, 0, 0, 0, 1,
0, 1, 0, 0, 0, 0, 0, 1, 0, 0,
0, 0, 0, 0, 1, 0, 0, 0, 0, 1,
0, 0, 1, 0, 0, 0, 0, 1, 0, 0,
1, 0, 0, 0, 1, 0, 0, 0, 0, 1,
0, 0, 1, 0, 0, 0, 1, 0, 0, 0,
0, 0, 0, 0, 0, 0, 0, 0, 1, 0
]

[4,2,4,4,3,2,1,5,5,5]
[3,4,3,4,3,4,3,4,3,4]
[
0, 1, 0, 0, 0, 1, 0, 0, 1, 1,
0, 0, 0, 0, 0, 0, 0, 0, 1, 1,
1, 0, 1, 1, 1, 0, 0, 0, 0, 0,
0, 0, 1, 1, 1, 0, 0, 0, 1, 0,
0, 0, 1, 1, 1, 0, 0, 0, 0, 0,
0, 0, 0, 0, 0, 0, 0, 1, 0, 1,
0, 1, 0, 0, 0, 0, 0, 0, 0, 0,
0, 0, 0, 1, 0, 1, 1, 1, 0, 1,
1, 1, 0, 0, 0, 1, 1, 1, 0, 0,
1, 1, 0, 0, 0, 1, 1, 1, 0, 0
]

[3,3,5,5,7,2,5,6,8,6]
[7,6,5,7,4,6,3,2,6,4]
[
0, 0, 1, 0, 1, 0, 1, 0, 0, 0,
1, 0, 0, 0, 0, 0, 0, 0, 1, 1,
0, 0, 0, 1, 1, 1, 0, 0, 1, 1,
1, 1, 0, 1, 1, 1, 0, 0, 0, 0,
1, 1, 0, 1, 1, 1, 0, 1, 1, 0,
0, 0, 0, 0, 0, 0, 0, 1, 1, 0,
1, 1, 1, 1, 0, 1, 0, 0, 0, 0,
1, 1, 1, 1, 0, 0, 0, 0, 1, 1,
1, 1, 1, 1, 0, 1, 1, 0, 1, 1,
1, 1, 1, 1, 0, 1, 1, 0, 0, 0
]

[10,10,10,8,8,8,6,6,6,4,4,4,2,2,2]
[5,5,5,5,8,6,8,6,8,8,1,6,6,6,7]
[
1, 1, 1, 0, 1, 1, 1, 1, 1, 1, 0, 1, 0, 0, 0,
1, 1, 1, 0, 1, 1, 1, 1, 1, 1, 0, 0, 0, 0, 1,
1, 1, 1, 0, 1, 1, 1, 1, 1, 1, 0, 1, 0, 0, 0,
0, 0, 0, 0, 1, 1, 1, 1, 1, 1, 0, 0, 0, 1, 1,
0, 0, 0, 0, 1, 1, 1, 1, 1, 1, 0, 0, 0, 1, 1,
1, 1, 0, 0, 1, 1, 1, 1, 1, 1, 0, 0, 0, 0, 0,
1, 1, 0, 0, 0, 0, 0, 0, 0, 0, 0, 1, 1, 1, 1,
0, 0, 0, 1, 1, 0, 0, 0, 0, 0, 0, 1, 1, 1, 1,
0, 0, 0, 1, 1, 0, 0, 0, 0, 0, 0, 1, 1, 1, 1,
0, 0, 0, 0, 0, 0, 0, 0, 0, 0, 0, 1, 1, 1, 1,
0, 0, 1, 1, 0, 0, 0, 0, 1, 1, 0, 0, 0, 0, 0,
0, 0, 1, 1, 0, 0, 0, 0, 1, 1, 0, 0, 0, 0, 0,
0, 0, 0, 0, 0, 0, 1, 0, 0, 0, 0, 0, 1, 0, 0,
0, 0, 0, 1, 0, 0, 0, 0, 0, 0, 1, 0, 0, 0, 0,
0, 0, 0, 0, 0, 0, 1, 0, 0, 0, 0, 0, 1, 0, 0
]